list(y=c(2.94402E-01, 7.80561E-01, 2.81978E-01, 3.69057E-01, 9.08843E-01, 1.06218E+00, 7.19382E-01, 1.80048E+00, 4.62373E-01, 5.29630E-01, 1.77257E+00, 3.94699E-01, 1.25550E+00, 3.33777E-01, 2.06725E+00, 1.91097E-01, 1.11438E+00, 3.99337E-01, 5.44627E-01, 1.40403E+00, 1.48962E+00, 1.20492E+00, 1.10572E+00, 8.18463E-01, 7.50543E-01, 4.30366E-01, 4.46659E-01, 1.00031E+00, 9.33481E-01, 1.27802E+00, 8.98752E-01, 8.60430E-01, 2.25425E+00, 2.85718E-01, 5.54225E-01, 1.73837E+00, 1.47568E+00, 6.38894E-01, 7.55191E-01, 9.94185E-01, 1.22667E+00, 3.86828E-01, 1.19548E+00, 6.51850E-01, 1.44159E+00, 2.96717E-01, 1.14654E+00, 8.83708E-01, 1.41310E+00, 3.41066E-01, 8.46869E-01, 1.68047E+00, 7.13742E-01, 5.45055E-01, 1.13639E+00, 7.95766E-02, 4.87456E-01, 6.09601E-01, 4.78589E-01, 5.16337E-01, 2.72851E-01, 5.16478E-01, 8.69270E-01, 2.15141E+00, 1.33549E+00, 1.12124E+00, 5.46323E-01, 2.51434E-01, 4.07729E-01, 4.38839E-01, 1.72207E+00, 6.36532E-01, 7.38533E-01, 7.13319E-01, 9.19678E-01, 1.07989E+00, 1.71719E+00, 1.16775E+00, 1.77358E+00, 1.22859E+00, 6.65437E-02, 6.34606E-01, 2.08011E+00, 1.85064E+00, 5.79172E-01, 1.26084E+00, 1.20518E+00, 7.42236E-01, 6.63714E-01, 3.10849E-01, 8.17723E-01, 9.73538E-01, 3.39645E-01, 7.70599E-01, 1.53676E+00, 8.28335E-01, 9.43887E-01, 1.79317E+00, 1.36364E+00, 7.18936E-01), N=1.00000E+02, x=c(3.60000E-01, 1.30000E-01, 9.00000E-02, 8.40000E-01, 1.20000E-01, 5.90000E-01, 2.60000E-01, 4.90000E-01, 8.60000E-01, 9.40000E-01, 1.90000E-01, 5.70000E-01, 1.00000E-01, 6.70000E-01, 8.90000E-01, 3.60000E-01, 5.50000E-01, 2.00000E-01, 8.70000E-01, 3.50000E-01, 6.30000E-01, 4.30000E-01, 2.90000E-01, 3.50000E-01, 9.00000E-02, 2.70000E-01, 9.30000E-01, 5.30000E-01, 3.80000E-01, 8.40000E-01, 3.50000E-01, 4.30000E-01, 9.00000E-01, 8.20000E-01, 9.80000E-01, 3.50000E-01, 4.00000E-01, 7.90000E-01, 6.00000E-02, 7.10000E-01, 3.00000E-02, 7.40000E-01, 9.40000E-01, 2.10000E-01, 9.60000E-01, 2.10000E-01, 1.20000E-01, 9.40000E-01, 4.00000E-02, 4.50000E-01, 7.00000E-02, 3.10000E-01, 1.60000E-01, 1.80000E-01, 5.10000E-01, 6.70000E-01, 4.40000E-01, 1.90000E-01, 5.10000E-01, 5.20000E-01, 2.40000E-01, 4.00000E-01, 5.50000E-01, 4.50000E-01, 3.30000E-01, 2.90000E-01, 2.90000E-01, 8.60000E-01, 6.00000E-01, 3.80000E-01, 9.50000E-01, 6.00000E-01, 2.30000E-01, 9.30000E-01, 1.00000E+00, 3.00000E-01, 4.70000E-01, 6.00000E-02, 1.40000E-01, 9.50000E-01, 2.50000E-01, 7.00000E-02, 5.60000E-01, 7.30000E-01, 2.80000E-01, 3.50000E-01, 2.40000E-01, 3.00000E-01, 6.40000E-01, 5.50000E-01, 3.60000E-01, 4.10000E-01, 1.50000E-01, 3.60000E-01, 2.90000E-01, 3.70000E-01, 7.70000E-01, 1.70000E-01, 2.30000E-01, 3.10000E-01))
