list(y=c(4.60916E+00, 2.00204E+00, 5.08305E+00, 2.60171E+00, 1.33209E+00, 1.54414E+00, 1.00005E+00, 3.28417E+00, 6.68964E-01, 2.45579E+00, 2.36553E+00, 6.13366E-01, 2.46908E+00, 1.66076E+00, 2.42965E+00, 6.74653E-01, 4.09497E-01, 2.94207E+00, 3.66478E+00, 5.36892E+00, 1.09392E+00, 2.87519E+00, 4.56231E-01, 9.11749E-01, 9.17525E-01, 1.53944E+00, 2.40362E+00, 2.56975E+00, 1.54117E+00, 2.94265E+00, 1.62300E+00, 2.60050E+00, 7.73383E-01, 5.90474E+00, 3.54735E+00, 5.73454E+00, 2.14317E+00, 8.09612E-01, 9.39246E-01, 2.63302E+00, 8.95322E+00, 6.66563E+00, 1.13554E+00, 5.13649E+00, 4.10949E-01, 6.31279E+00, 5.23059E+00, 9.99760E-01, 5.38228E+00, 4.66815E+00, 2.74832E+00, 2.97639E+00, 4.58612E-01, 2.69579E+00, 2.96102E+00, 2.48057E+00, 2.74788E+00, 3.94619E+00, 7.23264E+00, 4.97016E+00, 1.85178E+00, 2.79539E+00, 4.74220E+00, 2.98276E+00, 1.26093E+00, 9.45613E+00, 4.39873E+00, 4.62666E-01, 3.22679E+00, 8.86489E+00, 9.00380E-01, 4.81104E+00, 1.93904E+00, 5.79738E+00, 1.59769E+00, 8.25100E-01, 5.95886E-01, 1.40653E+00, 2.37284E+00, 4.38319E+00, 2.97975E-01, 5.35767E+00, 1.15763E-01, 1.34403E+00, 2.58240E+00, 1.45591E+00, 8.29838E+00, 1.00440E+00, 4.02621E+00, 4.18764E+00, 6.83608E+00, 1.58048E+00, 2.77405E+00, 2.79545E+00, 2.62610E+00, 2.16630E+00, 2.19317E+00, 8.69274E-01, 3.86132E+00, 5.28312E+00), N=1.00000E+02, x=c(7.90000E-01, 8.00000E-02, 5.80000E-01, 3.80000E-01, 4.50000E-01, 1.10000E-01, 3.20000E-01, 6.80000E-01, 9.00000E-02, 6.60000E-01, 7.60000E-01, 3.00000E-01, 2.00000E-01, 3.10000E-01, 8.60000E-01, 4.00000E-02, 1.30000E-01, 5.60000E-01, 6.40000E-01, 7.40000E-01, 2.90000E-01, 3.00000E-01, 1.30000E-01, 6.00000E-02, 2.30000E-01, 2.80000E-01, 4.30000E-01, 4.10000E-01, 2.20000E-01, 8.80000E-01, 3.90000E-01, 4.10000E-01, 5.60000E-01, 5.30000E-01, 5.80000E-01, 7.10000E-01, 1.80000E-01, 1.00000E-02, 1.60000E-01, 6.30000E-01, 7.30000E-01, 9.40000E-01, 5.50000E-01, 5.10000E-01, 1.00000E-01, 8.80000E-01, 7.10000E-01, 1.80000E-01, 5.50000E-01, 3.50000E-01, 6.10000E-01, 8.90000E-01, 2.40000E-01, 2.10000E-01, 5.00000E-01, 5.10000E-01, 7.00000E-01, 6.50000E-01, 8.30000E-01, 3.30000E-01, 6.40000E-01, 5.70000E-01, 6.30000E-01, 7.50000E-01, 2.50000E-01, 9.70000E-01, 1.00000E+00, 3.40000E-01, 8.20000E-01, 9.70000E-01, 3.00000E-02, 8.30000E-01, 3.50000E-01, 8.30000E-01, 4.50000E-01, 1.10000E-01, 4.70000E-01, 3.80000E-01, 4.30000E-01, 7.50000E-01, 1.30000E-01, 7.20000E-01, 9.00000E-02, 9.80000E-01, 1.00000E+00, 6.00000E-01, 9.80000E-01, 8.60000E-01, 7.10000E-01, 5.90000E-01, 9.80000E-01, 5.80000E-01, 1.00000E+00, 7.90000E-01, 6.20000E-01, 3.70000E-01, 3.70000E-01, 1.10000E-01, 9.60000E-01, 9.10000E-01))
