list(k=2.00000E+00, beta0=1.00000E+00, invlambda=2.00000E+00)
