list(N1=1.30000E+02, N2=1.00000E+01, x1=c(1.22023E-01, 4.14668E-01, 2.68345E-01, 1.29260E+00, 4.51248E-01, 1.29260E+00, -1.41436E+00, 1.58603E-01, 1.47551E+00, 1.22806E-02, 8.17055E-01, -1.41436E+00, 2.31765E-01, 1.87789E+00, -3.53526E-01, 2.68345E-01, -1.26804E+00, -1.15830E+00, -4.63268E-01, -5.73010E-01, -7.92494E-01, 5.97571E-01, -2.43784E-01, -3.90107E-01, 9.99958E-01, 2.13396E+00, 9.63378E-01, 1.65841E+00, -1.41436E+00, 3.78087E-01, 5.24410E-01, 3.19480E+00, 9.26797E-01, 6.70732E-01, -1.41436E+00, -7.55913E-01, -3.16945E-01, -3.90107E-01, 1.54867E+00, 3.23138E+00, 1.22023E-01, -7.55913E-01, -1.41436E+00, 6.70732E-01, -3.53526E-01, -6.08807E-02, -6.46171E-01, 3.78087E-01, -1.34120E+00, -2.80365E-01, -1.41436E+00, 3.04926E-01, 1.58603E-01, 1.54867E+00, 1.95184E-01, -1.41436E+00, -6.46171E-01, 1.18286E+00, -1.41436E+00, 2.20712E+00, 4.87829E-01, -1.41436E+00, -4.63268E-01, -3.90107E-01, 4.14668E-01, -1.41436E+00, 1.58603E-01, -2.43000E-02, -2.07203E-01, -6.82752E-01, -2.43000E-02, -9.02236E-01, -1.41436E+00, 1.07312E+00, -9.02236E-01, 1.69499E+00, 1.22806E-02, 1.10970E+00, -4.99848E-01, -2.07203E-01, -1.41436E+00, -1.34042E-01, -3.90107E-01, 4.14668E-01, -7.19332E-01, -2.07203E-01, 1.40235E+00, 1.21944E+00, 3.04926E-01, 1.51209E+00, 1.21944E+00, -1.41436E+00, -2.07203E-01, -1.34042E-01, 1.29260E+00, -6.46171E-01, 6.34152E-01, -1.01198E+00, 1.22806E-02, -6.09590E-01, -1.34042E-01, 4.88613E-02, 8.53636E-01, -6.08807E-02, -4.99848E-01, -1.41436E+00, -9.02236E-01, 9.26797E-01, -4.99848E-01, 4.51248E-01, -3.53526E-01, 3.78087E-01, -1.37778E+00, -1.41436E+00, 6.70732E-01, -2.43784E-01, 1.87789E+00, 3.04926E-01, -8.29074E-01, -9.38816E-01, 1.14628E+00, -1.70623E-01, -1.41436E+00, -9.74613E-02, -1.37778E+00, -4.63268E-01, -3.16945E-01, -9.74613E-02, -9.38816E-01, 1.95184E-01, -1.41436E+00, 4.51248E-01, -1.30462E+00, 2.31765E-01, 1.29260E+00, -9.02236E-01, 6.70732E-01, 2.68345E-01, -8.65655E-01, 5.60990E-01), x2=c(0.00000E+00, 0.00000E+00, 0.00000E+00, 0.00000E+00, 0.00000E+00, 0.00000E+00, 0.00000E+00, 0.00000E+00, 0.00000E+00, 0.00000E+00, 0.00000E+00, 0.00000E+00, 1.00000E+00, 1.00000E+00, 1.00000E+00, 1.00000E+00, 1.00000E+00, 1.00000E+00, 1.00000E+00, 1.00000E+00, 1.00000E+00, 1.00000E+00, 1.00000E+00, 1.00000E+00, 1.00000E+00, 0.00000E+00, 0.00000E+00, 0.00000E+00, 0.00000E+00, 0.00000E+00, 0.00000E+00, 0.00000E+00, 0.00000E+00, 0.00000E+00, 0.00000E+00, 0.00000E+00, 0.00000E+00, 0.00000E+00, 0.00000E+00, 0.00000E+00, 0.00000E+00, 0.00000E+00, 0.00000E+00, 0.00000E+00, 0.00000E+00, 0.00000E+00, 1.00000E+00, 1.00000E+00, 1.00000E+00, 1.00000E+00, 1.00000E+00, 1.00000E+00, 1.00000E+00, 1.00000E+00, 1.00000E+00, 1.00000E+00, 1.00000E+00, 1.00000E+00, 1.00000E+00, 1.00000E+00, 1.00000E+00, 1.00000E+00, 1.00000E+00, 1.00000E+00, 1.00000E+00, 1.00000E+00, 1.00000E+00, 1.00000E+00, 1.00000E+00, 1.00000E+00, 1.00000E+00, 1.00000E+00, 1.00000E+00, 1.00000E+00, 1.00000E+00, 1.00000E+00, 1.00000E+00, 1.00000E+00, 1.00000E+00, 1.00000E+00, 1.00000E+00, 1.00000E+00, 1.00000E+00, 1.00000E+00, 1.00000E+00, 1.00000E+00, 1.00000E+00, 1.00000E+00, 0.00000E+00, 0.00000E+00, 0.00000E+00, 0.00000E+00, 0.00000E+00, 0.00000E+00, 0.00000E+00, 0.00000E+00, 0.00000E+00, 0.00000E+00, 0.00000E+00, 0.00000E+00, 0.00000E+00, 0.00000E+00, 0.00000E+00, 0.00000E+00, 0.00000E+00, 0.00000E+00, 0.00000E+00, 1.00000E+00, 1.00000E+00, 1.00000E+00, 1.00000E+00, 1.00000E+00, 1.00000E+00, 1.00000E+00, 1.00000E+00, 1.00000E+00, 0.00000E+00, 0.00000E+00, 0.00000E+00, 0.00000E+00, 0.00000E+00, 1.00000E+00, 1.00000E+00, 0.00000E+00, 0.00000E+00, 0.00000E+00, 0.00000E+00, 1.00000E+00, 0.00000E+00, 0.00000E+00, 0.00000E+00, 0.00000E+00, 0.00000E+00, 0.00000E+00, 0.00000E+00, 0.00000E+00, 0.00000E+00, 1.00000E+00, 1.00000E+00, 1.00000E+00), id=c(3.00000E+00, 4.00000E+00, 4.00000E+00, 4.00000E+00, 4.00000E+00, 4.00000E+00, 4.00000E+00, 4.00000E+00, 8.00000E+00, 8.00000E+00, 9.00000E+00, 1.00000E+01, 1.20000E+01, 1.20000E+01, 1.20000E+01, 1.20000E+01, 1.40000E+01, 1.40000E+01, 1.50000E+01, 1.60000E+01, 1.60000E+01, 1.70000E+01, 1.70000E+01, 1.70000E+01, 2.00000E+01, 1.00000E+00, 1.00000E+00, 1.00000E+00, 2.00000E+00, 2.00000E+00, 3.00000E+00, 3.00000E+00, 3.00000E+00, 3.00000E+00, 5.00000E+00, 7.00000E+00, 7.00000E+00, 7.00000E+00, 7.00000E+00, 7.00000E+00, 7.00000E+00, 8.00000E+00, 8.00000E+00, 9.00000E+00, 9.00000E+00, 1.00000E+01, 1.10000E+01, 1.10000E+01, 1.10000E+01, 1.10000E+01, 1.20000E+01, 1.20000E+01, 1.30000E+01, 1.30000E+01, 1.30000E+01, 1.30000E+01, 1.30000E+01, 1.40000E+01, 1.40000E+01, 1.40000E+01, 1.40000E+01, 1.50000E+01, 1.50000E+01, 1.50000E+01, 1.50000E+01, 1.50000E+01, 1.60000E+01, 1.60000E+01, 1.60000E+01, 1.60000E+01, 1.70000E+01, 1.70000E+01, 1.70000E+01, 1.70000E+01, 1.80000E+01, 1.80000E+01, 1.80000E+01, 1.80000E+01, 1.90000E+01, 1.90000E+01, 1.90000E+01, 1.90000E+01, 1.90000E+01, 2.00000E+01, 2.00000E+01, 2.00000E+01, 2.00000E+01, 2.00000E+01, 1.00000E+00, 2.00000E+00, 2.00000E+00, 3.00000E+00, 3.00000E+00, 5.00000E+00, 5.00000E+00, 5.00000E+00, 6.00000E+00, 6.00000E+00, 6.00000E+00, 6.00000E+00, 6.00000E+00, 7.00000E+00, 8.00000E+00, 9.00000E+00, 1.00000E+01, 1.00000E+01, 1.00000E+01, 1.10000E+01, 1.10000E+01, 1.20000E+01, 1.30000E+01, 1.60000E+01, 1.80000E+01, 1.80000E+01, 1.90000E+01, 2.00000E+01, 1.00000E+00, 1.00000E+00, 5.00000E+00, 8.00000E+00, 1.00000E+01, 1.10000E+01, 1.90000E+01, 2.00000E+00, 2.00000E+00, 6.00000E+00, 8.00000E+00, 1.40000E+01, 9.00000E+00, 9.00000E+00, 1.00000E+00, 2.00000E+00, 5.00000E+00, 5.00000E+00, 6.00000E+00, 9.00000E+00, 1.00000E+01, 1.30000E+01, 1.50000E+01, 1.80000E+01),