list(y=c(3.00000E+00, 3.00000E+00, 3.00000E+00, 5.00000E+00, 7.00000E+00, 7.00000E+00, 1.20000E+01, 3.00000E+00, 3.00000E+00, 5.00000E+00, 5.00000E+00, 9.00000E+00, 9.00000E+00, 1.20000E+01, 1.00000E+00, 3.00000E+00, 3.00000E+00, 3.00000E+00, 3.00000E+00, 5.00000E+00, 5.00000E+00, 1.00000E+00, 1.00000E+00, 1.00000E+00, 1.00000E+00, 1.00000E+00, 1.00000E+00, 1.00000E+00, 3.00000E+00, 5.00000E+00, 5.00000E+00, 5.00000E+00, 7.00000E+00, 1.20000E+01, 1.20000E+01, 5.00000E+00, 5.00000E+00, 5.00000E+00, 5.00000E+00, 5.00000E+00, 9.00000E+00, 1.20000E+01, 3.00000E+00, 3.00000E+00, 3.00000E+00, 3.00000E+00, 3.00000E+00, 3.00000E+00, 5.00000E+00, 1.00000E+00, 1.00000E+00, 3.00000E+00, 3.00000E+00, 5.00000E+00, 7.00000E+00, 9.00000E+00, 1.00000E+00, 3.00000E+00, 3.00000E+00, 5.00000E+00, 1.10000E+01, 1.10000E+01, 1.20000E+01, 1.00000E+00, 3.00000E+00, 5.00000E+00, 5.00000E+00, 5.00000E+00, 7.00000E+00, 1.20000E+01, 3.00000E+00, 3.00000E+00, 3.00000E+00, 3.00000E+00, 5.00000E+00, 5.00000E+00, 7.00000E+00, 1.00000E+00, 1.00000E+00, 1.00000E+00, 1.00000E+00, 3.00000E+00, 3.00000E+00, 5.00000E+00, 3.00000E+00, 3.00000E+00, 3.00000E+00, 3.00000E+00, 3.00000E+00, 5.00000E+00, 1.20000E+01, 1.00000E+00, 1.00000E+00, 3.00000E+00, 3.00000E+00, 3.00000E+00, 3.00000E+00, 9.00000E+00, 1.00000E+00, 3.00000E+00, 3.00000E+00, 3.00000E+00, 3.00000E+00, 3.00000E+00, 1.20000E+01, 1.00000E+00, 1.00000E+00, 3.00000E+00, 3.00000E+00, 3.00000E+00, 3.00000E+00, 5.00000E+00, 1.00000E+00, 1.00000E+00, 1.00000E+00, 3.00000E+00, 3.00000E+00, 3.00000E+00, 3.00000E+00, 3.00000E+00, 3.00000E+00, 3.00000E+00, 3.00000E+00, 5.00000E+00, 5.00000E+00, 1.20000E+01, 3.00000E+00, 3.00000E+00, 3.00000E+00, 3.00000E+00, 3.00000E+00, 5.00000E+00, 7.00000E+00, 1.00000E+00, 3.00000E+00, 3.00000E+00, 3.00000E+00, 3.00000E+00, 3.00000E+00, 5.00000E+00), N=1.40000E+02, x1=c(1.59000E+00, 1.27000E+00, 1.46000E+00, 1.09000E+00, 1.52000E+00, 1.09000E+00, 6.20000E-01, 6.20000E-01, 1.11000E+00, 1.42000E+00, 1.34000E+00, 9.80000E-01, 6.30000E-01, 1.13000E+00, 1.04000E+00, 1.15000E+00, 1.88000E+00, 1.26000E+00, 1.19000E+00, 6.20000E-01, 9.50000E-01, 1.12000E+00, 1.08000E+00, 1.36000E+00, 1.13000E+00, 1.36000E+00, 6.20000E-01, 1.05000E+00, 6.20000E-01, 9.70000E-01, 1.36000E+00, 8.30000E-01, 7.80000E-01, 6.50000E-01, 1.07000E+00, 1.18000E+00, 7.30000E-01, 1.01000E+00, 8.40000E-01, 9.70000E-01, 8.80000E-01, 1.36000E+00, 8.00000E-01, 9.20000E-01, 9.00000E-01, 1.43000E+00, 1.89000E+00, 1.04000E+00, 1.02000E+00, 1.41000E+00, 1.01000E+00, 8.00000E-01, 6.20000E-01, 1.24000E+00, 7.50000E-01, 9.20000E-01, 1.23000E+00, 1.19000E+00, 9.10000E-01, 9.90000E-01, 7.50000E-01, 1.06000E+00, 7.60000E-01, 6.20000E-01, 9.90000E-01, 8.70000E-01, 6.20000E-01, 7.60000E-01, 1.32000E+00, 1.19000E+00, 8.30000E-01, 1.11000E+00, 6.40000E-01, 9.30000E-01, 1.26000E+00, 8.70000E-01, 9.60000E-01, 1.07000E+00, 1.52000E+00, 9.10000E-01, 1.08000E+00, 6.20000E-01, 1.09000E+00, 1.13000E+00, 1.05000E+00, 1.43000E+00, 1.06000E+00, 6.20000E-01, 8.30000E-01, 9.10000E-01, 1.08000E+00, 6.60000E-01, 6.90000E-01, 1.33000E+00, 6.20000E-01, 1.61000E+00, 1.14000E+00, 9.80000E-01, 8.80000E-01, 6.20000E-01, 8.80000E-01, 9.00000E-01, 1.12000E+00, 6.20000E-01, 7.70000E-01, 8.50000E-01, 7.90000E-01, 1.05000E+00, 1.00000E+00, 9.50000E-01, 8.20000E-01, 1.11000E+00, 1.17000E+00, 9.40000E-01, 9.00000E-01, 1.00000E+00, 7.60000E-01, 6.20000E-01, 1.30000E+00, 7.60000E-01, 1.47000E+00, 1.01000E+00, 1.31000E+00, 6.30000E-01, 6.20000E-01, 1.16000E+00, 8.70000E-01, 9.50000E-01, 6.20000E-01, 9.70000E-01, 9.00000E-01, 1.19000E+00, 6.20000E-01, 1.28000E+00, 1.12000E+00, 8.10000E-01, 9.50000E-01, 1.39000E+00, 1.34000E+00, 9.40000E-01), x2=c(0.00000E+00, 0.00000E+00, 0.00000E+00, 0.00000E+00, 0.00000E+00, 0.00000E+00, 0.00000E+00, 0.00000E+00, 0.00000E+00, 0.00000E+00, 0.00000E+00, 0.00000E+00, 0.00000E+00, 0.00000E+00, 0.00000E+00, 0.00000E+00, 0.00000E+00, 0.00000E+00, 0.00000E+00, 0.00000E+00, 0.00000E+00, 0.00000E+00, 0.00000E+00, 0.00000E+00, 0.00000E+00, 0.00000E+00, 0.00000E+00, 0.00000E+00, 0.00000E+00, 0.00000E+00, 0.00000E+00, 0.00000E+00, 0.00000E+00, 0.00000E+00, 0.00000E+00, 0.00000E+00, 0.00000E+00, 0.00000E+00, 0.00000E+00, 0.00000E+00, 0.00000E+00, 0.00000E+00, 0.00000E+00, 0.00000E+00, 0.00000E+00, 0.00000E+00, 0.00000E+00, 0.00000E+00, 0.00000E+00, 0.00000E+00, 0.00000E+00, 0.00000E+00, 0.00000E+00, 0.00000E+00, 0.00000E+00, 0.00000E+00, 0.00000E+00, 0.00000E+00, 0.00000E+00, 0.00000E+00, 0.00000E+00, 0.00000E+00, 0.00000E+00, 0.00000E+00, 0.00000E+00, 0.00000E+00, 0.00000E+00, 0.00000E+00, 0.00000E+00, 0.00000E+00, 1.00000E+00, 1.00000E+00, 1.00000E+00, 1.00000E+00, 1.00000E+00, 1.00000E+00, 1.00000E+00, 1.00000E+00, 1.00000E+00, 1.00000E+00, 1.00000E+00, 1.00000E+00, 1.00000E+00, 1.00000E+00, 1.00000E+00, 1.00000E+00, 1.00000E+00, 1.00000E+00, 1.00000E+00, 1.00000E+00, 1.00000E+00, 1.00000E+00, 1.00000E+00, 1.00000E+00, 1.00000E+00, 1.00000E+00, 1.00000E+00, 1.00000E+00, 1.00000E+00, 1.00000E+00, 1.00000E+00, 1.00000E+00, 1.00000E+00, 1.00000E+00, 1.00000E+00, 1.00000E+00, 1.00000E+00, 1.00000E+00, 1.00000E+00, 1.00000E+00, 1.00000E+00, 1.00000E+00, 1.00000E+00, 1.00000E+00, 1.00000E+00, 1.00000E+00, 1.00000E+00, 1.00000E+00, 1.00000E+00, 1.00000E+00, 1.00000E+00, 1.00000E+00, 1.00000E+00, 1.00000E+00, 1.00000E+00, 1.00000E+00, 1.00000E+00, 1.00000E+00, 1.00000E+00, 1.00000E+00, 1.00000E+00, 1.00000E+00, 1.00000E+00, 1.00000E+00, 1.00000E+00, 1.00000E+00, 1.00000E+00, 1.00000E+00, 1.00000E+00, 1.00000E+00), id=c(1.00000E+00, 1.00000E+00, 1.00000E+00, 1.00000E+00, 1.00000E+00, 1.00000E+00, 1.00000E+00, 2.00000E+00, 2.00000E+00, 2.00000E+00, 2.00000E+00, 2.00000E+00, 2.00000E+00, 2.00000E+00, 3.00000E+00, 3.00000E+00, 3.00000E+00, 3.00000E+00, 3.00000E+00, 3.00000E+00, 3.00000E+00, 4.00000E+00, 4.00000E+00, 4.00000E+00, 4.00000E+00, 4.00000E+00, 4.00000E+00, 4.00000E+00, 5.00000E+00, 5.00000E+00, 5.00000E+00, 5.00000E+00, 5.00000E+00, 5.00000E+00, 5.00000E+00, 6.00000E+00, 6.00000E+00, 6.00000E+00, 6.00000E+00, 6.00000E+00, 6.00000E+00, 6.00000E+00, 7.00000E+00, 7.00000E+00, 7.00000E+00, 7.00000E+00, 7.00000E+00, 7.00000E+00, 7.00000E+00, 8.00000E+00, 8.00000E+00, 8.00000E+00, 8.00000E+00, 8.00000E+00, 8.00000E+00, 8.00000E+00, 9.00000E+00, 9.00000E+00, 9.00000E+00, 9.00000E+00, 9.00000E+00, 9.00000E+00, 9.00000E+00, 1.00000E+01, 1.00000E+01, 1.00000E+01, 1.00000E+01, 1.00000E+01, 1.00000E+01, 1.00000E+01, 1.10000E+01, 1.10000E+01, 1.10000E+01, 1.10000E+01, 1.10000E+01, 1.10000E+01, 1.10000E+01, 1.20000E+01, 1.20000E+01, 1.20000E+01, 1.20000E+01, 1.20000E+01, 1.20000E+01, 1.20000E+01, 1.30000E+01, 1.30000E+01, 1.30000E+01, 1.30000E+01, 1.30000E+01, 1.30000E+01, 1.30000E+01, 1.40000E+01, 1.40000E+01, 1.40000E+01, 1.40000E+01, 1.40000E+01, 1.40000E+01, 1.40000E+01, 1.50000E+01, 1.50000E+01, 1.50000E+01, 1.50000E+01, 1.50000E+01, 1.50000E+01, 1.50000E+01, 1.60000E+01, 1.60000E+01, 1.60000E+01, 1.60000E+01, 1.60000E+01, 1.60000E+01, 1.60000E+01, 1.70000E+01, 1.70000E+01, 1.70000E+01, 1.70000E+01, 1.70000E+01, 1.70000E+01, 1.70000E+01, 1.80000E+01, 1.80000E+01, 1.80000E+01, 1.80000E+01, 1.80000E+01, 1.80000E+01, 1.80000E+01, 1.90000E+01, 1.90000E+01, 1.90000E+01, 1.90000E+01, 1.90000E+01, 1.90000E+01, 1.90000E+01, 2.00000E+01, 2.00000E+01, 2.00000E+01, 2.00000E+01, 2.00000E+01, 2.00000E+01, 2.00000E+01), Nsubj=2.00000E+01)
