list(sigma=2.00000E+00, beta0=1.00000E+00, beta1=1.00000E+00, beta2=1.00000E+00, b0=c(1.00000E+00, 1.00000E+00, 1.00000E+00, 1.00000E+00, 1.00000E+00, 1.00000E+00, 1.00000E+00, 1.00000E+00, 1.00000E+00, 1.00000E+00, 1.00000E+00, 1.00000E+00, 1.00000E+00, 1.00000E+00, 1.00000E+00, 1.00000E+00, 1.00000E+00, 1.00000E+00, 1.00000E+00, 1.00000E+00), predict=c(1.00000E+00, 1.00000E+00, 1.00000E+00, 1.00000E+00, 1.00000E+00, 1.00000E+00, 1.00000E+00, 1.00000E+00, 1.00000E+00, 1.00000E+00, 1.00000E+00, 1.00000E+00, 1.00000E+00, 1.00000E+00, 1.00000E+00, 1.00000E+00, 1.00000E+00, 1.00000E+00, 1.00000E+00, 1.00000E+00, 1.00000E+00, 1.00000E+00, 1.00000E+00, 1.00000E+00, 1.00000E+00, 3.00000E+00, 3.00000E+00, 3.00000E+00, 3.00000E+00, 3.00000E+00, 3.00000E+00, 3.00000E+00, 3.00000E+00, 3.00000E+00, 3.00000E+00, 3.00000E+00, 3.00000E+00, 3.00000E+00, 3.00000E+00, 3.00000E+00, 3.00000E+00, 3.00000E+00, 3.00000E+00, 3.00000E+00, 3.00000E+00, 3.00000E+00, 3.00000E+00, 3.00000E+00, 3.00000E+00, 3.00000E+00, 3.00000E+00, 3.00000E+00, 3.00000E+00, 3.00000E+00, 3.00000E+00, 3.00000E+00, 3.00000E+00, 3.00000E+00, 3.00000E+00, 3.00000E+00, 3.00000E+00, 3.00000E+00, 3.00000E+00, 3.00000E+00, 3.00000E+00, 3.00000E+00, 3.00000E+00, 3.00000E+00, 3.00000E+00, 3.00000E+00, 3.00000E+00, 3.00000E+00, 3.00000E+00, 3.00000E+00, 3.00000E+00, 3.00000E+00, 3.00000E+00, 3.00000E+00, 3.00000E+00, 3.00000E+00, 3.00000E+00, 3.00000E+00, 3.00000E+00, 3.00000E+00, 3.00000E+00, 3.00000E+00, 3.00000E+00, 3.00000E+00, 5.00000E+00, 5.00000E+00, 5.00000E+00, 5.00000E+00, 5.00000E+00, 5.00000E+00, 5.00000E+00, 5.00000E+00, 5.00000E+00, 5.00000E+00, 5.00000E+00, 5.00000E+00, 5.00000E+00, 5.00000E+00, 5.00000E+00, 5.00000E+00, 5.00000E+00, 5.00000E+00, 5.00000E+00, 5.00000E+00, 5.00000E+00, 5.00000E+00, 5.00000E+00, 5.00000E+00, 5.00000E+00, 5.00000E+00, 5.00000E+00, 5.00000E+00, 7.00000E+00, 7.00000E+00, 7.00000E+00, 7.00000E+00, 7.00000E+00, 7.00000E+00, 7.00000E+00, 9.00000E+00, 9.00000E+00, 9.00000E+00, 9.00000E+00, 9.00000E+00, 1.10000E+01, 1.10000E+01, 1.30000E+01, 1.30000E+01, 1.30000E+01, 1.30000E+01, 1.30000E+01, 1.30000E+01, 1.30000E+01, 1.30000E+01, 1.30000E+01, 1.30000E+01))
